    lottery.number lottery.payoff
1              810          190.0
2              156          120.5
3              140          285.5
4              542          184.0
5              507          384.5
6              972          324.5
7              431          114.0
8              981          506.5
9              865          290.0
10             499          869.5
11              20          668.5
12             123           83.0
13             356          188.0
14              15          449.0
15              11          289.5
16             160          212.0
17             507          466.0
18             779          548.5
19             286          260.0
20             268          300.5
21             698          556.5
22             640          371.5
23             136          112.5
24             854          254.5
25              69          368.0
26             199          510.0
27             413          102.0
28             192          206.5
29             602          261.5
30             987          361.0
31             112          167.5
32             245          187.0
33             174          146.5
34             913          205.0
35             828          348.5
36             539          283.5
37             434          447.0
38             357          102.5
39             178          219.0
40             198          292.5
41             406          343.0
42              79          332.5
43              34          532.5
44              89          445.5
45             257          127.0
46             662          557.5
47             524          203.5
48             809          373.5
49             527          142.0
50             257          230.5
51               8          482.5
52             446          512.5
53             440          330.0
54             781          273.0
55             615          171.0
56             231          178.0
57             580          463.5
58             987          476.0
59             391          290.0
60             267          176.0
61             808          195.0
62             258          159.5
63             479          296.0
64             516          177.5
65             964          406.0
66             742          182.0
67             537          164.5
68             275          137.0
69             112          191.0
70             230          298.0
71             310          110.0
72             335          353.0
73             238          192.5
74             294          308.5
75             854          287.0
76             309          203.5
77              26          377.5
78             960          211.5
79             200          342.0
80             604          259.0
81             841          231.0
82             659          348.0
83             735          159.0
84             105          130.5
85             254          176.0
86             117          128.5
87             751          159.0
88             781          290.0
89             937          335.0
90              20          514.0
91             348          191.0
92             653          304.5
93             410          167.0
94             468          257.0
95              77          640.0
96             921          142.0
97             314          146.0
98             683          356.0
99               0           96.0
100            963          295.0
101            122          237.0
102             18          312.5
103            827          215.0
104            661          442.5
105            918          127.0
106            110          127.0
107            767          756.0
108            761          228.5
109            305          132.0
110            485          256.0
111              8          374.5
112            808          262.5
113            648          286.5
114            508          264.0
115            684          380.5
116            879          357.5
117             67          478.5
118            282          511.5
119            928          218.0
120            733          353.0
121            518          162.5
122            441          184.0
123            661          548.0
124            219          166.5
125            310          147.5
126            771          240.0
127            906          386.0
128            235          130.5
129            396          287.5
130            223          230.0
131            695          480.5
132            499          247.5
133             42          380.0
134            230          238.5
135            623          237.5
136            300          214.5
137            380          394.5
138            646          416.5
139            553          392.5
140            182          244.5
141            158          202.0
142            744          371.5
143            894          553.0
144            689          293.5
145            978          295.0
146            314          178.0
147            337          334.5
148            226          226.0
149            106          194.0
150            299          388.5
151            947          353.0
152            896          404.0
153            863          348.0
154            239          163.5
155            180          216.5
156            764          283.0
157            849          388.5
158             87          567.5
159            975          250.5
160             92          478.0
161            701          267.5
162            402          326.5
163              1          369.0
164            884          512.5
165            750          341.0
166            236          188.5
167            395          386.0
168            999          239.0
169            744          480.5
170            714          105.0
171            253          227.0
172            711          130.5
173            863          384.5
174            496          294.5
175            214          154.0
176            430          324.0
177            107          116.0
178            781          229.0
179            954          301.5
180            941          334.0
181            416          143.5
182            243          212.0
183            480          448.0
184            111          126.5
185             47          417.5
186            691          276.5
187            616          303.0
188            253          211.0
189            477          373.0
190             11          209.5
191            114          207.5
192            133          195.0
193            293          317.0
194            812          170.5
195            197          230.0
196            358          143.0
197              7          361.0
198            996          452.0
199            842          260.5
200            255          308.5
201            374          206.0
202            693          256.5
203            383          291.0
204             99          421.5
205            474          295.5
206            333          119.5
207            467          268.5
208            515          221.0
209            357          151.5
210            694          314.5
211            919          313.5
212            424          323.5
213            274          204.0
214            913          241.0
215            919          637.0
216            245          214.0
217            964          348.0
218            472          191.5
219            935          384.0
220            434          220.0
221            170          285.5
222            300          335.0
223            476          251.5
224            528          131.5
225            403          328.0
226            677          392.0
227            559          509.0
228            187          235.5
229            652          249.5
230            319          129.5
231            582          303.0
232            541          201.5
233             16          365.0
234            981          346.5
235            158          210.5
236            945          334.0
237             72          376.5
238            167          215.5
239             77          312.0
240            185          239.5
241            209          221.0
242            893          388.0
243            346          154.5
244            515          268.5
245            555          127.0
246            858          537.5
247            434          427.5
248            541          272.0
249            411          197.0
250            109          167.5
251            761          292.0
252            767          170.0
253            597          486.5
254            479          262.0
